84,35
10,246
10,212
10,270
10,242
10,196
10,190
10,24
11,12
11,30
9,7
9,4
9,1
9,6
9,2
9,3
8,5
8,9
8,18
8,10
80,5
80,4
80,3
80,2
80,1
80,0
79,3
79,2
79,1
79,0
78,4
78,3
78,2
78,1
78,0
77,3
77,2
77,1
77,0
76,3
76,2
76,1
76,0
75,3
75,2
75,1
75,0
74,3
74,2
74,1
74,0
73,3
73,2
73,1
73,0
20,3
20,2
20,1
19,3
19,2
19,1
12,3
12,2
12,1
11,27
11,26
11,25
11,24
11,20
11,19
11,17
11,16
11,15
11,13
11,11
11,9
11,8
11,6
11,5
11,4
11,3
11,2
11,1
10,309
10,308
10,296
10,293
10,286
18,1
10,282
18,3
10,258
10,256
14,1
10,241
14,3
10,231
13,1
10,222
13,3
10,211
10,203
10,193
10,192
